   ------------------------------------------------------------
  | Welcome to ROOT 6.06/09                http://root.cern.ch |
  |                               (c) 1995-2016, The ROOT Team |
  | Built for linuxx8664gcc                                    |
  | From tag , 1 September 2016                                |
  | Try '.help', '.demo', '.license', '.credits', '.quit'/'.q' |
   ------------------------------------------------------------


Processing createDataCards.cxx(" /lustrehome/fsimone/MVA_2017/datacardT3Mu_dataset_2017_miniAOD_baseline_noOmega_8julyv3.root", "2017" )...
[#1] INFO:ObjectHandling -- RooWorkspace::exportToCint(HLFactory_ws) INFO: references to all objects in this workspace will be created in CINT in 'namespace HLFactory_ws'

RooWorkspace(HLFactory_ws) HLFactory_ws contents

variables
---------
(bkg_exp_offset_A1_2017,bkg_exp_offset_A1_2018,bkg_exp_offset_A2_2017,bkg_exp_offset_A2_2018,bkg_exp_offset_B1_2017,bkg_exp_offset_B1_2018,bkg_exp_offset_B2_2017,bkg_exp_offset_B2_2018,bkg_exp_offset_C1_2017,bkg_exp_offset_C1_2018,bkg_exp_offset_C2_2017,bkg_exp_offset_C2_2018,bkg_exp_slope_A1_2017,bkg_exp_slope_A1_2018,bkg_exp_slope_A2_2017,bkg_exp_slope_A2_2018,bkg_exp_slope_B1_2017,bkg_exp_slope_B1_2018,bkg_exp_slope_B2_2017,bkg_exp_slope_B2_2018,bkg_exp_slope_C1_2017,bkg_exp_slope_C1_2018,bkg_exp_slope_C2_2017,bkg_exp_slope_C2_2018,cb_fraction_A1_2017,cb_fraction_A1_2018,cb_fraction_A2_2017,cb_fraction_A2_2018,cb_fraction_B1_2017,cb_fraction_B1_2018,cb_fraction_B2_2017,cb_fraction_B2_2018,cb_fraction_C1_2017,cb_fraction_C1_2018,cb_fraction_C2_2017,cb_fraction_C2_2018,m3m,sig_alpha_A1_2017,sig_alpha_A1_2018,sig_alpha_A2_2017,sig_alpha_A2_2018,sig_alpha_B1_2017,sig_alpha_B1_2018,sig_alpha_B2_2017,sig_alpha_B2_2018,sig_alpha_C1_2017,sig_alpha_C1_2018,sig_alpha_C2_2017,sig_alpha_C2_2018,sig_gaus_sigma_A1_2017,sig_gaus_sigma_A1_2018,sig_gaus_sigma_A2_2017,sig_gaus_sigma_A2_2018,sig_gaus_sigma_B1_2017,sig_gaus_sigma_B1_2018,sig_gaus_sigma_B2_2017,sig_gaus_sigma_B2_2018,sig_gaus_sigma_C1_2017,sig_gaus_sigma_C1_2018,sig_gaus_sigma_C2_2017,sig_gaus_sigma_C2_2018,sig_m0_A1_2017,sig_m0_A1_2018,sig_m0_A2_2017,sig_m0_A2_2018,sig_m0_B1_2017,sig_m0_B1_2018,sig_m0_B2_2017,sig_m0_B2_2018,sig_m0_C1_2017,sig_m0_C1_2018,sig_m0_C2_2017,sig_m0_C2_2018,sig_n_A1_2017,sig_n_A1_2018,sig_n_A2_2017,sig_n_A2_2018,sig_n_B1_2017,sig_n_B1_2018,sig_n_B2_2017,sig_n_B2_2018,sig_n_C1_2017,sig_n_C1_2018,sig_n_C2_2017,sig_n_C2_2018,sig_sigma_A1_2017,sig_sigma_A1_2018,sig_sigma_A2_2017,sig_sigma_A2_2018,sig_sigma_B1_2017,sig_sigma_B1_2018,sig_sigma_B2_2017,sig_sigma_B2_2018,sig_sigma_C1_2017,sig_sigma_C1_2018,sig_sigma_C2_2017,sig_sigma_C2_2018,sqrtS)

p.d.f.s
-------
RooCBShape::t3m_sig_CBshape_A1_2017[ m=m3m m0=sig_m0_A1_2017 sigma=sig_sigma_A1_2017 alpha=sig_alpha_A1_2017 n=sig_n_A1_2017 ] = 0.25634
RooCBShape::t3m_sig_CBshape_A1_2018[ m=m3m m0=sig_m0_A1_2018 sigma=sig_sigma_A1_2018 alpha=sig_alpha_A1_2018 n=sig_n_A1_2018 ] = 0.25634
RooCBShape::t3m_sig_CBshape_A2_2017[ m=m3m m0=sig_m0_A2_2017 sigma=sig_sigma_A2_2017 alpha=sig_alpha_A2_2017 n=sig_n_A2_2017 ] = 0.25634
RooCBShape::t3m_sig_CBshape_A2_2018[ m=m3m m0=sig_m0_A2_2018 sigma=sig_sigma_A2_2018 alpha=sig_alpha_A2_2018 n=sig_n_A2_2018 ] = 0.25634
RooCBShape::t3m_sig_CBshape_B1_2017[ m=m3m m0=sig_m0_B1_2017 sigma=sig_sigma_B1_2017 alpha=sig_alpha_B1_2017 n=sig_n_B1_2017 ] = 0.25634
RooCBShape::t3m_sig_CBshape_B1_2018[ m=m3m m0=sig_m0_B1_2018 sigma=sig_sigma_B1_2018 alpha=sig_alpha_B1_2018 n=sig_n_B1_2018 ] = 0.25634
RooCBShape::t3m_sig_CBshape_B2_2017[ m=m3m m0=sig_m0_B2_2017 sigma=sig_sigma_B2_2017 alpha=sig_alpha_B2_2017 n=sig_n_B2_2017 ] = 0.25634
RooCBShape::t3m_sig_CBshape_B2_2018[ m=m3m m0=sig_m0_B2_2018 sigma=sig_sigma_B2_2018 alpha=sig_alpha_B2_2018 n=sig_n_B2_2018 ] = 0.25634
RooCBShape::t3m_sig_CBshape_C1_2017[ m=m3m m0=sig_m0_C1_2017 sigma=sig_sigma_C1_2017 alpha=sig_alpha_C1_2017 n=sig_n_C1_2017 ] = 0.25634
RooCBShape::t3m_sig_CBshape_C1_2018[ m=m3m m0=sig_m0_C1_2018 sigma=sig_sigma_C1_2018 alpha=sig_alpha_C1_2018 n=sig_n_C1_2018 ] = 0.25634
RooCBShape::t3m_sig_CBshape_C2_2017[ m=m3m m0=sig_m0_C2_2017 sigma=sig_sigma_C2_2017 alpha=sig_alpha_C2_2017 n=sig_n_C2_2017 ] = 0.25634
RooCBShape::t3m_sig_CBshape_C2_2018[ m=m3m m0=sig_m0_C2_2018 sigma=sig_sigma_C2_2018 alpha=sig_alpha_C2_2018 n=sig_n_C2_2018 ] = 0.25634
RooGaussian::t3m_sig_GSshape_A1_2017[ x=m3m mean=sig_m0_A1_2017 sigma=sig_gaus_sigma_A1_2017 ] = 0.00431784
RooGaussian::t3m_sig_GSshape_A1_2018[ x=m3m mean=sig_m0_A1_2018 sigma=sig_gaus_sigma_A1_2018 ] = 0.00431784
RooGaussian::t3m_sig_GSshape_A2_2017[ x=m3m mean=sig_m0_A2_2017 sigma=sig_gaus_sigma_A2_2017 ] = 0.25634
RooGaussian::t3m_sig_GSshape_A2_2018[ x=m3m mean=sig_m0_A2_2018 sigma=sig_gaus_sigma_A2_2018 ] = 0.25634
RooGaussian::t3m_sig_GSshape_B1_2017[ x=m3m mean=sig_m0_B1_2017 sigma=sig_gaus_sigma_B1_2017 ] = 0.25634
RooGaussian::t3m_sig_GSshape_B1_2018[ x=m3m mean=sig_m0_B1_2018 sigma=sig_gaus_sigma_B1_2018 ] = 0.25634
RooGaussian::t3m_sig_GSshape_B2_2017[ x=m3m mean=sig_m0_B2_2017 sigma=sig_gaus_sigma_B2_2017 ] = 0.25634
RooGaussian::t3m_sig_GSshape_B2_2018[ x=m3m mean=sig_m0_B2_2018 sigma=sig_gaus_sigma_B2_2018 ] = 0.25634
RooGaussian::t3m_sig_GSshape_C1_2017[ x=m3m mean=sig_m0_C1_2017 sigma=sig_gaus_sigma_C1_2017 ] = 0.25634
RooGaussian::t3m_sig_GSshape_C1_2018[ x=m3m mean=sig_m0_C1_2018 sigma=sig_gaus_sigma_C1_2018 ] = 0.25634
RooGaussian::t3m_sig_GSshape_C2_2017[ x=m3m mean=sig_m0_C2_2017 sigma=sig_gaus_sigma_C2_2017 ] = 0.25634
RooGaussian::t3m_sig_GSshape_C2_2018[ x=m3m mean=sig_m0_C2_2018 sigma=sig_gaus_sigma_C2_2018 ] = 0.25634

[#1] INFO:DataHandling -- RooDataHist::adjustBinning(sighist): fit range of variable m3m expanded to nearest bin boundaries: [1.62,2] --> [1.62,2]
[#1] INFO:ObjectHandling -- RooWorkspace::import(HLFactory_ws) importing dataset sighist
[#1] INFO:ObjectHandling -- RooWorkSpace::import(HLFactory_ws) changing name of dataset from  sighist to Sig_A1_2017
[#1] INFO:DataHandling -- RooDataHist::adjustBinning(sighist): fit range of variable m3m expanded to nearest bin boundaries: [1.62,2] --> [1.62,2]
[#1] INFO:ObjectHandling -- RooWorkspace::import(HLFactory_ws) importing dataset sighist
[#1] INFO:ObjectHandling -- RooWorkSpace::import(HLFactory_ws) changing name of dataset from  sighist to Sig_B1_2017
[#1] INFO:DataHandling -- RooDataHist::adjustBinning(sighist): fit range of variable m3m expanded to nearest bin boundaries: [1.62,2] --> [1.62,2]
[#1] INFO:ObjectHandling -- RooWorkspace::import(HLFactory_ws) importing dataset sighist
[#1] INFO:ObjectHandling -- RooWorkSpace::import(HLFactory_ws) changing name of dataset from  sighist to Sig_C1_2017
[#1] INFO:DataHandling -- RooDataHist::adjustBinning(sighist): fit range of variable m3m expanded to nearest bin boundaries: [1.62,2] --> [1.62,2]
[#1] INFO:ObjectHandling -- RooWorkspace::import(HLFactory_ws) importing dataset sighist
[#1] INFO:ObjectHandling -- RooWorkSpace::import(HLFactory_ws) changing name of dataset from  sighist to Sig_A2_2017
[#1] INFO:DataHandling -- RooDataHist::adjustBinning(sighist): fit range of variable m3m expanded to nearest bin boundaries: [1.62,2] --> [1.62,2]
[#1] INFO:ObjectHandling -- RooWorkspace::import(HLFactory_ws) importing dataset sighist
[#1] INFO:ObjectHandling -- RooWorkSpace::import(HLFactory_ws) changing name of dataset from  sighist to Sig_B2_2017
[#1] INFO:DataHandling -- RooDataHist::adjustBinning(sighist): fit range of variable m3m expanded to nearest bin boundaries: [1.62,2] --> [1.62,2]
[#1] INFO:ObjectHandling -- RooWorkspace::import(HLFactory_ws) importing dataset sighist
[#1] INFO:ObjectHandling -- RooWorkSpace::import(HLFactory_ws) changing name of dataset from  sighist to Sig_C2_2017
[#1] INFO:DataHandling -- RooDataHist::adjustBinning(bkghist): fit range of variable m3m expanded to nearest bin boundaries: [1.62,2] --> [1.62,2]
[#1] INFO:ObjectHandling -- RooWorkspace::import(HLFactory_ws) importing dataset bkghist
[#1] INFO:ObjectHandling -- RooWorkSpace::import(HLFactory_ws) changing name of dataset from  bkghist to Bkg_A1_2017
[#1] INFO:DataHandling -- RooDataHist::adjustBinning(bkghist): fit range of variable m3m expanded to nearest bin boundaries: [1.62,2] --> [1.62,2]
[#1] INFO:ObjectHandling -- RooWorkspace::import(HLFactory_ws) importing dataset bkghist
[#1] INFO:ObjectHandling -- RooWorkSpace::import(HLFactory_ws) changing name of dataset from  bkghist to Bkg_B1_2017
[#1] INFO:DataHandling -- RooDataHist::adjustBinning(bkghist): fit range of variable m3m expanded to nearest bin boundaries: [1.62,2] --> [1.62,2]
[#1] INFO:ObjectHandling -- RooWorkspace::import(HLFactory_ws) importing dataset bkghist
[#1] INFO:ObjectHandling -- RooWorkSpace::import(HLFactory_ws) changing name of dataset from  bkghist to Bkg_C1_2017
[#1] INFO:DataHandling -- RooDataHist::adjustBinning(bkghist): fit range of variable m3m expanded to nearest bin boundaries: [1.62,2] --> [1.62,2]
[#1] INFO:ObjectHandling -- RooWorkspace::import(HLFactory_ws) importing dataset bkghist
[#1] INFO:ObjectHandling -- RooWorkSpace::import(HLFactory_ws) changing name of dataset from  bkghist to Bkg_A2_2017
[#1] INFO:DataHandling -- RooDataHist::adjustBinning(bkghist): fit range of variable m3m expanded to nearest bin boundaries: [1.62,2] --> [1.62,2]
[#1] INFO:ObjectHandling -- RooWorkspace::import(HLFactory_ws) importing dataset bkghist
[#1] INFO:ObjectHandling -- RooWorkSpace::import(HLFactory_ws) changing name of dataset from  bkghist to Bkg_B2_2017
[#1] INFO:DataHandling -- RooDataHist::adjustBinning(bkghist): fit range of variable m3m expanded to nearest bin boundaries: [1.62,2] --> [1.62,2]
[#1] INFO:ObjectHandling -- RooWorkspace::import(HLFactory_ws) importing dataset bkghist
[#1] INFO:ObjectHandling -- RooWorkSpace::import(HLFactory_ws) changing name of dataset from  bkghist to Bkg_C2_2017
[#1] INFO:Eval -- RooRealVar::setRange(m3m) new range named 'SB1' created with bounds [1.62,1.75]
[#1] INFO:Eval -- RooRealVar::setRange(m3m) new range named 'SB2' created with bounds [1.8,2]
[#1] INFO:Eval -- RooRealVar::setRange(m3m) new range named 'signal' created with bounds [1.7,1.85]
[#1] INFO:Eval -- RooRealVar::setRange(m3m) new range named 'fullRange' created with bounds [1.62,2]
category  A1_2017
[#1] INFO:Fitting -- RooAbsOptTestStatistic::ctor(nll_SignalModel_fit_A1_2017_Sig_A1_2017) constructing test statistic for sub-range named signal
[#1] INFO:Eval -- RooRealVar::setRange(m3m) new range named 'NormalizationRangeForsignal' created with bounds [1.62,2]
[#1] INFO:Eval -- RooRealVar::setRange(m3m) new range named 'fit_nll_SignalModel_fit_A1_2017_Sig_A1_2017' created with bounds [1.7,1.85]
[#1] INFO:Fitting -- RooAbsOptTestStatistic::ctor(nll_SignalModel_fit_A1_2017_Sig_A1_2017) fixing interpretation of coefficients of any RooAddPdf to full domain of observables 
[#1] INFO:Minization -- RooMinuit::optimizeConst: activating const optimization
[#1] INFO:Minization --  The following expressions will be evaluated in cache-and-track mode: (t3m_sig_CBshape_A1_2017,t3m_sig_GSshape_A1_2017)
 **********
 **   13 **MIGRAD        3000           1
 **********
 FIRST CALL TO USER FUNCTION AT NEW START POINT, WITH IFLAG=4.
 START MIGRAD MINIMIZATION.  STRATEGY  1.  CONVERGENCE WHEN EDM .LT. 1.00e-03
 FCN=-2.26917 FROM MIGRAD    STATUS=INITIATE       44 CALLS          45 TOTAL
                     EDM= unknown      STRATEGY= 1      NO ERROR MATRIX       
  EXT PARAMETER               CURRENT GUESS       STEP         FIRST   
  NO.   NAME      VALUE            ERROR          SIZE      DERIVATIVE 
   1  cb_fraction_A1_2017   5.00000e-01   1.00000e-01   0.00000e+00   1.03310e-02
   2  sig_alpha_A1_2017   1.00000e+00   1.00000e+00   0.00000e+00  -1.04331e-01
   3  sig_gaus_sigma_A1_2017   1.00000e-02   5.00000e-03   0.00000e+00   2.62610e-02
   4  sig_m0_A1_2017   1.77700e+00   1.20000e-02   0.00000e+00  -1.03742e-01
   5  sig_n_A1_2017   1.50000e+01   3.00000e+00   0.00000e+00  -7.91327e-04
   6  sig_sigma_A1_2017   1.14921e-02   1.00000e-02  -2.35588e-01  -2.29677e-02
                               ERR DEF= 0.5
 MIGRAD MINIMIZATION HAS CONVERGED.
 MIGRAD WILL VERIFY CONVERGENCE AND ERROR MATRIX.
 EIGENVALUES OF SECOND-DERIVATIVE MATRIX:
        -2.5381e-03  1.3373e-01  3.8461e-01  1.0118e+00  1.5153e+00  2.9571e+00
 MINUIT WARNING IN HESSE   
 ============== MATRIX FORCED POS-DEF BY ADDING 0.005495 TO DIAGONAL.
 FCN=-2.27489 FROM HESSE     STATUS=NOT POSDEF     40 CALLS         151 TOTAL
                     EDM=0.000802534    STRATEGY= 1      ERR MATRIX NOT POS-DEF
  EXT PARAMETER                APPROXIMATE        STEP         FIRST   
  NO.   NAME      VALUE            ERROR          SIZE      DERIVATIVE 
   1  cb_fraction_A1_2017   3.29849e-01   5.09871e-01   3.90381e-03   4.99178e-04
   2  sig_alpha_A1_2017   1.24046e+00   7.95675e+00   1.14167e-03  -6.86899e-03
   3  sig_gaus_sigma_A1_2017   9.16490e-03   5.24748e-02   7.22887e-04  -1.18364e-02
   4  sig_m0_A1_2017   1.77686e+00   1.40692e-02   2.46330e-04   5.78682e-03
   5  sig_n_A1_2017   6.18810e+00   1.64408e+01   1.30800e-02  -1.42907e-04
   6  sig_sigma_A1_2017   1.43661e-02   8.32705e-02   8.83714e-04  -1.82778e-03
                               ERR DEF= 0.5
 MIGRAD MINIMIZATION HAS CONVERGED.
 MIGRAD WILL VERIFY CONVERGENCE AND ERROR MATRIX.
 COVARIANCE MATRIX CALCULATED SUCCESSFULLY
 FCN=-2.27513 FROM MIGRAD    STATUS=CONVERGED     248 CALLS         249 TOTAL
                     EDM=6.80922e-05    STRATEGY= 1      ERROR MATRIX ACCURATE 
  EXT PARAMETER                                   STEP         FIRST   
  NO.   NAME      VALUE            ERROR          SIZE      DERIVATIVE 
   1  cb_fraction_A1_2017   2.05955e-01   8.87309e-01   3.55053e-03  -3.27331e-05
   2  sig_alpha_A1_2017   1.10668e+00   6.03011e+00   1.22333e-03   9.04851e-04
   3  sig_gaus_sigma_A1_2017   9.79394e-03   3.02201e-02   6.17555e-04   2.14396e-03
   4  sig_m0_A1_2017   1.77680e+00   1.43416e-02   2.47559e-04  -5.59906e-03
   5  sig_n_A1_2017   5.78549e+00   1.61977e+01   2.26874e-02   1.62838e-04
   6  sig_sigma_A1_2017   1.58280e-02   9.13605e-02   1.27546e-03  -3.26421e-04
                               ERR DEF= 0.5
 EXTERNAL ERROR MATRIX.    NDIM=  25    NPAR=  6    ERR DEF=0.5
  8.392e+01  4.288e+02 -3.101e-01 -3.771e-02 -8.605e+03 -1.316e+00 
  4.288e+02  2.539e+03 -1.538e+00 -2.655e-01 -5.456e+04 -6.565e+00 
 -3.101e-01 -1.538e+00  1.328e-03  1.472e-04  2.966e+01  4.569e-03 
 -3.771e-02 -2.655e-01  1.472e-04  2.097e-04  5.592e+00  4.041e-04 
 -8.605e+03 -5.456e+04  2.966e+01  5.592e+00  1.250e+06  1.350e+02 
 -1.316e+00 -6.565e+00  4.569e-03  4.041e-04  1.350e+02  2.352e-02 
 PARAMETER  CORRELATION COEFFICIENTS  
       NO.  GLOBAL      1      2      3      4      5      6
        1  0.99093   1.000  0.929 -0.929 -0.284 -0.840 -0.937
        2  0.99344   0.929  1.000 -0.837 -0.364 -0.968 -0.850
        3  0.94587  -0.929 -0.837  1.000  0.279  0.728  0.818
        4  0.44731  -0.284 -0.364  0.279  1.000  0.345  0.182
        5  0.98527  -0.840 -0.968  0.728  0.345  1.000  0.787
        6  0.95940  -0.937 -0.850  0.818  0.182  0.787  1.000
 **********
 **   18 **HESSE        3000
 **********
 EIGENVALUES OF SECOND-DERIVATIVE MATRIX:
        -2.6814e-03  8.8692e-02  4.4039e-01  1.0009e+00  1.4941e+00  2.9786e+00
 MINUIT WARNING IN HESSE   
 ============== MATRIX FORCED POS-DEF BY ADDING 0.005660 TO DIAGONAL.
 FCN=-2.27513 FROM HESSE     STATUS=NOT POSDEF     40 CALLS         289 TOTAL
                     EDM=0.000150124    STRATEGY= 1      ERR MATRIX NOT POS-DEF
  EXT PARAMETER                APPROXIMATE     INTERNAL      INTERNAL  
  NO.   NAME      VALUE            ERROR       STEP SIZE       VALUE   
   1  cb_fraction_A1_2017   2.05955e-01   6.06919e-01   7.10105e-04  -6.28695e-01
   2  sig_alpha_A1_2017   1.10668e+00   7.70432e+00   2.44665e-04   2.23185e-01
   3  sig_gaus_sigma_A1_2017   9.79394e-03   3.22532e-02   1.23511e-04  -7.38982e-01
   4  sig_m0_A1_2017   1.77680e+00   1.54557e-02   4.95118e-05  -5.34239e-02
   5  sig_n_A1_2017   5.78549e+00   1.89977e+01   4.53748e-03  -6.61499e-01
   6  sig_sigma_A1_2017   1.58280e-02   8.10620e-02   2.55092e-04  -7.52465e-01
                               ERR DEF= 0.5
 EXTERNAL ERROR MATRIX.    NDIM=  25    NPAR=  6    ERR DEF=0.5
  1.235e+02  7.692e+02 -4.303e-01 -7.832e-02 -1.716e+04 -1.914e+00 
  7.692e+02  5.275e+03 -2.603e+00 -5.812e-01 -1.220e+05 -1.177e+01 
 -4.303e-01 -2.603e+00  1.686e-03  2.756e-04  5.664e+01  6.372e-03 
 -7.832e-02 -5.812e-01  2.756e-04  2.444e-04  1.330e+01  1.031e-03 
 -1.716e+04 -1.220e+05  5.664e+01  1.330e+01  2.902e+06  2.662e+02 
 -1.914e+00 -1.177e+01  6.372e-03  1.031e-03  2.662e+02  3.248e-02 
ERR MATRIX NOT POS-DEF
 PARAMETER  CORRELATION COEFFICIENTS  
       NO.  GLOBAL      1      2      3      4      5      6
        1  0.99389   1.000  0.953 -0.943 -0.451 -0.906 -0.955
        2  0.99687   0.953  1.000 -0.873 -0.512 -0.986 -0.899
        3  0.95786  -0.943 -0.873  1.000  0.429  0.810  0.861
        4  0.56333  -0.451 -0.512  0.429  1.000  0.499  0.366
        5  0.99370  -0.906 -0.986  0.810  0.499  1.000  0.867
        6  0.97094  -0.955 -0.899  0.861  0.366  0.867  1.000
 ERR MATRIX NOT POS-DEF
[#1] INFO:Fitting -- RooAbsPdf::fitTo(SignalModel_fit_A1_2017) Calculating sum-of-weights-squared correction matrix for covariance matrix
 **********
 **   23 **HESSE        3000
 **********
 COVARIANCE MATRIX CALCULATED SUCCESSFULLY
 FCN=-0.00218455 FROM HESSE     STATUS=OK             56 CALLS         345 TOTAL
                     EDM=4.26068e-08    STRATEGY= 1      ERROR MATRIX ACCURATE 
  EXT PARAMETER                                INTERNAL      INTERNAL  
  NO.   NAME      VALUE            ERROR       STEP SIZE       VALUE   
   1  cb_fraction_A1_2017   2.05955e-01   8.19867e-01   1.44861e-02  -6.28695e-01
   2  sig_alpha_A1_2017   1.10668e+00   6.89078e+00   4.99117e-03   2.23185e-01
   3  sig_gaus_sigma_A1_2017   9.79394e-03   5.48881e-02   2.51963e-03  -7.38982e-01
   4  sig_m0_A1_2017   1.77680e+00   8.58356e-02   1.01004e-03  -5.34239e-02
   5  sig_n_A1_2017   5.78549e+00   2.67615e+01   9.25646e-02  -6.61499e-01
   6  sig_sigma_A1_2017   1.58280e-02   5.81824e-02   5.20389e-03  -7.52465e-01
                               ERR DEF= 0.5
 EXTERNAL ERROR MATRIX.    NDIM=  25    NPAR=  6    ERR DEF=0.5
  2.544e+04  7.636e+04 -1.060e+02 -3.598e+00 -8.389e+05 -3.876e+02 
  7.636e+04  3.662e+05 -3.164e+02 -4.995e+01 -5.971e+06 -9.948e+02 
 -1.060e+02 -3.164e+02  6.217e-01  3.316e-02  2.843e+03  1.316e+00 
 -3.598e+00 -4.995e+01  3.316e-02  1.957e-01  6.747e+02 -1.418e-01 
 -8.389e+05 -5.971e+06  2.843e+03  6.747e+02  1.572e+08  1.274e+04 
 -3.876e+02 -9.948e+02  1.316e+00 -1.418e-01  1.274e+04  8.804e+00 
 PARAMETER  CORRELATION COEFFICIENTS  
       NO.  GLOBAL      1      2      3      4      5      6
        1  0.96857   1.000  0.791 -0.843 -0.051 -0.419 -0.819
        2  0.95193   0.791  1.000 -0.663 -0.187 -0.787 -0.554
        3  0.87527  -0.843 -0.663  1.000  0.095  0.288  0.562
        4  0.32745  -0.051 -0.187  0.095  1.000  0.122 -0.108
        5  0.87945  -0.419 -0.787  0.288  0.122  1.000  0.342
        6  0.88604  -0.819 -0.554  0.562 -0.108  0.342  1.000
[#1] INFO:Minization -- RooMinuit::optimizeConst: deactivating const optimization
[#1] INFO:Fitting -- RooAbsOptTestStatistic::ctor(nll_SignalModel_A1_2017_Sig_A1_2017) constructing test statistic for sub-range named signal
[#1] INFO:Eval -- RooRealVar::setRange(m3m) new range named 'fit_nll_SignalModel_A1_2017_Sig_A1_2017' created with bounds [1.7,1.85]
[#1] INFO:Fitting -- RooAbsOptTestStatistic::ctor(nll_SignalModel_A1_2017_Sig_A1_2017) fixing interpretation of coefficients of any RooAddPdf to full domain of observables 
[#1] INFO:Minization -- RooMinuit::optimizeConst: activating const optimization
[#1] INFO:Minization --  The following expressions will be evaluated in cache-and-track mode: (CB_final_A1_2017,GS_final_A1_2017)
 **********
 **   13 **MIGRAD        3000           1
 **********
 FIRST CALL TO USER FUNCTION AT NEW START POINT, WITH IFLAG=4.
 START MIGRAD MINIMIZATION.  STRATEGY  1.  CONVERGENCE WHEN EDM .LT. 1.00e-03
 FCN=-2.27513 FROM MIGRAD    STATUS=INITIATE       16 CALLS          17 TOTAL
                     EDM= unknown      STRATEGY= 1      NO ERROR MATRIX       
  EXT PARAMETER               CURRENT GUESS       STEP         FIRST   
  NO.   NAME      VALUE            ERROR          SIZE      DERIVATIVE 
   1  cb_fraction_A1_2017   2.05955e-01   1.38050e+00   1.56884e+00  -3.28274e-05
   2  m0_fixed_A1_2017   1.77680e+00   constant   
   3  sig_alpha_A1_2017   1.10668e+00   1.75800e+01   1.56884e+00   9.00222e-04
   4  sig_gaus_sigma_A1_2017   9.79394e-03   6.60137e-02   1.56884e+00   2.14299e-03
   5  sig_n_A1_2017   5.78549e+00   4.25714e+01   1.56884e+00   1.61676e-04
   6  sigma_cb_fixed_A1_2017   1.58280e-02   constant   
                               ERR DEF= 0.5
 MIGRAD MINIMIZATION HAS CONVERGED.
 MIGRAD WILL VERIFY CONVERGENCE AND ERROR MATRIX.
 COVARIANCE MATRIX CALCULATED SUCCESSFULLY
 FCN=-2.27513 FROM MIGRAD    STATUS=CONVERGED      51 CALLS          52 TOTAL
                     EDM=9.20375e-06    STRATEGY= 1      ERROR MATRIX ACCURATE 
  EXT PARAMETER                                   STEP         FIRST   
  NO.   NAME      VALUE            ERROR          SIZE      DERIVATIVE 
   1  cb_fraction_A1_2017   2.06025e-01   5.98943e-01   3.50095e-03   2.40363e-04
   2  m0_fixed_A1_2017   1.77680e+00   constant   
   3  sig_alpha_A1_2017   1.10320e+00   5.16389e+00   1.35918e-03  -8.76820e-04
   4  sig_gaus_sigma_A1_2017   9.78625e-03   1.75577e-02   6.13615e-04   8.09489e-04
   5  sig_n_A1_2017   5.50410e+00   2.00478e+01   1.85931e-02   1.84696e-05
   6  sigma_cb_fixed_A1_2017   1.58280e-02   constant   
                               ERR DEF= 0.5
 EXTERNAL ERROR MATRIX.    NDIM=  25    NPAR=  4    ERR DEF=0.5
  8.118e+00  3.198e+01 -4.641e-02 -2.580e+02 
  3.198e+01  2.946e+02 -1.529e-01 -5.483e+03 
 -4.641e-02 -1.529e-01  4.106e-04  5.461e-01 
 -2.580e+02 -5.483e+03  5.461e-01  1.551e+05 
 PARAMETER  CORRELATION COEFFICIENTS  
       NO.  GLOBAL      1      3      4      5
        1  0.90236   1.000  0.654 -0.804 -0.230
        3  0.94269   0.654  1.000 -0.440 -0.811
        4  0.81273  -0.804 -0.440  1.000  0.068
        5  0.90364  -0.230 -0.811  0.068  1.000
 **********
 **   18 **HESSE        3000
 **********
 FIRST CALL TO USER FUNCTION AT NEW START POINT, WITH IFLAG=4.
 COVARIANCE MATRIX CALCULATED SUCCESSFULLY
 FCN=-2.27513 FROM HESSE     STATUS=OK             23 CALLS          76 TOTAL
                     EDM=1.13466e-05    STRATEGY= 1      ERROR MATRIX ACCURATE 
  EXT PARAMETER                                INTERNAL      INTERNAL  
  NO.   NAME      VALUE            ERROR       STEP SIZE       VALUE   
   1  cb_fraction_A1_2017   2.06025e-01   6.02986e-01   7.00189e-04  -6.28522e-01
   2  m0_fixed_A1_2017   1.77680e+00   constant   
   3  sig_alpha_A1_2017   1.10320e+00   5.61955e+00   2.71835e-04   2.22470e-01
   4  sig_gaus_sigma_A1_2017   9.78625e-03   1.77436e-02   1.22723e-04  -7.39328e-01
   5  sig_n_A1_2017   5.50410e+00   1.51813e+01   7.43723e-04  -6.85500e-01
   6  sigma_cb_fixed_A1_2017   1.58280e-02   constant   
                               ERR DEF= 0.5
 EXTERNAL ERROR MATRIX.    NDIM=  25    NPAR=  4    ERR DEF=0.5
  8.506e+00  3.544e+01 -4.846e-02 -3.245e+02 
  3.544e+01  3.528e+02 -1.640e-01 -6.905e+03 
 -4.846e-02 -1.640e-01  4.232e-04  6.797e-01 
 -3.245e+02 -6.905e+03  6.797e-01  1.913e+05 
 PARAMETER  CORRELATION COEFFICIENTS  
       NO.  GLOBAL      1      3      4      5
        1  0.90703   1.000  0.647 -0.808 -0.254
        3  0.95237   0.647  1.000 -0.425 -0.840
        4  0.81890  -0.808 -0.425  1.000  0.076
        5  0.92255  -0.254 -0.840  0.076  1.000
[#1] INFO:Fitting -- RooAbsPdf::fitTo(SignalModel_A1_2017) Calculating sum-of-weights-squared correction matrix for covariance matrix
 **********
 **   23 **HESSE        3000
 **********
 FIRST CALL TO USER FUNCTION AT NEW START POINT, WITH IFLAG=4.
 COVARIANCE MATRIX CALCULATED SUCCESSFULLY
 FCN=-0.00218455 FROM HESSE     STATUS=OK             33 CALLS         110 TOTAL
                     EDM=3.39688e-08    STRATEGY= 1      ERROR MATRIX ACCURATE 
  EXT PARAMETER                                INTERNAL      INTERNAL  
  NO.   NAME      VALUE            ERROR       STEP SIZE       VALUE   
   1  cb_fraction_A1_2017   2.06025e-01   8.81696e-01   1.42839e-02  -6.28522e-01
   2  m0_fixed_A1_2017   1.77680e+00   constant   
   3  sig_alpha_A1_2017   1.10320e+00   6.94697e+00   5.54544e-03   2.22470e-01
   4  sig_gaus_sigma_A1_2017   9.78625e-03   5.45644e-02   2.50355e-03  -7.39328e-01
   5  sig_n_A1_2017   5.50410e+00   1.57958e+01   1.51719e-02  -6.85500e-01
   6  sigma_cb_fixed_A1_2017   1.58280e-02   constant   
                               ERR DEF= 0.5
 EXTERNAL ERROR MATRIX.    NDIM=  25    NPAR=  4    ERR DEF=0.5
  7.728e+03  2.782e+04 -4.465e+01 -1.709e+05 
  2.782e+04  2.644e+05 -1.320e+02 -4.884e+06 
 -4.465e+01 -1.320e+02  4.086e-01  9.845e+01 
 -1.709e+05 -4.884e+06  9.845e+01  1.437e+08 
 PARAMETER  CORRELATION COEFFICIENTS  
       NO.  GLOBAL      1      3      4      5
        1  0.89285   1.000  0.615 -0.795 -0.162
        3  0.93356   0.615  1.000 -0.402 -0.792
        4  0.80335  -0.795 -0.402  1.000  0.013
        5  0.89415  -0.162 -0.792  0.013  1.000
[#0] ERROR:Fitting -- RooAbsPdf::fitTo(SignalModel_A1_2017) ERROR: Cannot apply sum-of-weights correction to covariance matrix: correction matrix calculated with weight-squared is singular
[#1] INFO:Minization -- RooMinuit::optimizeConst: deactivating const optimization
[#1] INFO:ObjectHandling -- RooWorkspace::import(HLFactory_ws) importing RooRealVar::m0_fixed_A1_2017
[#1] INFO:ObjectHandling -- RooWorkspace::import(HLFactory_ws) importing RooRealVar::sigma_cb_fixed_A1_2017
 m0_fixed_A1_2017 sigma_cb_fixed_A1_2017 sig_gaus_sigma_A1_2017 sig_alpha_A1_2017 sig_n_A1_2017[#1] INFO:ObjectHandling -- RooWorkspace::import(HLFactory_ws) importing RooAddPdf::SignalModel_A1_2017
[#1] INFO:ObjectHandling -- RooWorkspace::import(HLFactory_ws) importing RooCBShape::CB_final_A1_2017
[#1] INFO:ObjectHandling -- RooWorkspace::import(HLFactory_ws) importing RooGaussian::GS_final_A1_2017
category  B1_2017
[#1] INFO:Fitting -- RooAbsOptTestStatistic::ctor(nll_SignalModel_fit_B1_2017_Sig_B1_2017) constructing test statistic for sub-range named signal
[#1] INFO:Eval -- RooRealVar::setRange(m3m) new range named 'fit_nll_SignalModel_fit_B1_2017_Sig_B1_2017' created with bounds [1.7,1.85]
[#1] INFO:Fitting -- RooAbsOptTestStatistic::ctor(nll_SignalModel_fit_B1_2017_Sig_B1_2017) fixing interpretation of coefficients of any RooAddPdf to full domain of observables 
[#1] INFO:Minization -- RooMinuit::optimizeConst: activating const optimization
[#1] INFO:Minization --  The following expressions will be evaluated in cache-and-track mode: (t3m_sig_CBshape_B1_2017,t3m_sig_GSshape_B1_2017)
 **********
 **   13 **MIGRAD        3000           1
 **********
 FIRST CALL TO USER FUNCTION AT NEW START POINT, WITH IFLAG=4.
 START MIGRAD MINIMIZATION.  STRATEGY  1.  CONVERGENCE WHEN EDM .LT. 1.00e-03
 FCN=-8.37137 FROM MIGRAD    STATUS=INITIATE       24 CALLS          25 TOTAL
                     EDM= unknown      STRATEGY= 1      NO ERROR MATRIX       
  EXT PARAMETER               CURRENT GUESS       STEP         FIRST   
  NO.   NAME      VALUE            ERROR          SIZE      DERIVATIVE 
   1  cb_fraction_B1_2017   5.00000e-01   1.00000e-01   2.01358e-01   1.16745e-01
   2  sig_alpha_B1_2017   1.00000e+00   4.00000e+00   2.01624e-01  -3.27552e+00
   3  sig_gaus_sigma_B1_2017   2.00000e-02   1.00000e-02   2.57889e-01   9.23630e-01
   4  sig_m0_B1_2017   1.77700e+00   1.20000e-02   2.01624e-01   2.79398e-01
   5  sig_n_B1_2017   2.00000e+00   5.00000e-01   2.05758e-01  -4.55756e-02
   6  sig_sigma_B1_2017   2.00000e-02   5.00000e-03   2.05758e-01   3.89313e-01
                               ERR DEF= 0.5
 MIGRAD MINIMIZATION HAS CONVERGED.
 MIGRAD WILL VERIFY CONVERGENCE AND ERROR MATRIX.
 COVARIANCE MATRIX CALCULATED SUCCESSFULLY
 FCN=-8.49525 FROM MIGRAD    STATUS=CONVERGED     150 CALLS         151 TOTAL
                     EDM=0.000234274    STRATEGY= 1      ERROR MATRIX ACCURATE 
  EXT PARAMETER                                   STEP         FIRST   
  NO.   NAME      VALUE            ERROR          SIZE      DERIVATIVE 
   1  cb_fraction_B1_2017   1.88212e-01   5.35051e-01   6.17910e-03  -7.25432e-04
   2  sig_alpha_B1_2017   1.16557e+00   6.99003e+00   3.34041e-04   1.44717e-02
   3  sig_gaus_sigma_B1_2017   1.81800e-02   1.57199e-02   4.86799e-04   3.33848e-02
   4  sig_m0_B1_2017   1.77634e+00   1.15393e-02   3.41826e-04   4.23759e-02
   5  sig_n_B1_2017   2.27188e+00   3.82711e+00   1.55895e-02  -3.49795e-04
   6  sig_sigma_B1_2017   1.26366e-02   3.46639e-02   2.98898e-03   2.36499e-03
                               ERR DEF= 0.5
 EXTERNAL ERROR MATRIX.    NDIM=  25    NPAR=  6    ERR DEF=0.5
  1.039e+01 -6.350e+00  3.011e-02  1.603e-02  1.948e+02  1.086e-01 
 -6.350e+00  5.100e+01  2.898e-02 -2.247e-02 -3.561e+02 -2.651e-01 
  3.011e-02  2.898e-02  2.622e-04  1.988e-05  3.785e-01 -1.350e-04 
  1.603e-02 -2.247e-02  1.988e-05  1.348e-04  2.983e-01  1.895e-04 
  1.948e+02 -3.561e+02  3.785e-01  2.983e-01  5.397e+03  3.359e+00 
  1.086e-01 -2.651e-01 -1.350e-04  1.895e-04  3.359e+00  3.989e-03 
 PARAMETER  CORRELATION COEFFICIENTS  
       NO.  GLOBAL      1      2      3      4      5      6
        1  0.92977   1.000 -0.276  0.577  0.428  0.823  0.533
        2  0.89037  -0.276  1.000  0.251 -0.271 -0.679 -0.588
        3  0.83627   0.577  0.251  1.000  0.106  0.318 -0.132
        4  0.52096   0.428 -0.271  0.106  1.000  0.350  0.258
        5  0.96286   0.823 -0.679  0.318  0.350  1.000  0.724
        6  0.83884   0.533 -0.588 -0.132  0.258  0.724  1.000
 **********
 **   18 **HESSE        3000
 **********
 COVARIANCE MATRIX CALCULATED SUCCESSFULLY
 FCN=-8.49525 FROM HESSE     STATUS=OK             40 CALLS         191 TOTAL
                     EDM=0.000253695    STRATEGY= 1      ERROR MATRIX ACCURATE 
  EXT PARAMETER                                INTERNAL      INTERNAL  
  NO.   NAME      VALUE            ERROR       STEP SIZE       VALUE   
   1  cb_fraction_B1_2017   1.88212e-01   7.67973e-01   1.23582e-03  -6.73309e-01
   2  sig_alpha_B1_2017   1.16557e+00   7.66001e+00   6.68083e-05   5.83117e-02
   3  sig_gaus_sigma_B1_2017   1.81800e-02   1.58967e-02   9.73597e-05  -6.89821e-01
   4  sig_m0_B1_2017   1.77634e+00   1.18260e-02   6.83652e-05  -6.10847e-02
   5  sig_n_B1_2017   2.27188e+00   2.60956e+00   3.11790e-03  -9.13749e-02
   6  sig_sigma_B1_2017   1.26366e-02   3.83289e-02   5.97796e-04  -5.17300e-01
                               ERR DEF= 0.5
 EXTERNAL ERROR MATRIX.    NDIM=  25    NPAR=  6    ERR DEF=0.5
  1.298e+01 -1.142e+01  3.389e-02  2.022e-02  2.657e+02  1.579e-01 
 -1.142e+01  6.180e+01  2.229e-02 -3.099e-02 -4.996e+02 -3.659e-01 
  3.389e-02  2.229e-02  2.685e-04  2.533e-05  4.795e-01 -6.580e-05 
  2.022e-02 -3.099e-02  2.533e-05  1.417e-04  4.152e-01  2.730e-04 
  2.657e+02 -4.996e+02  4.795e-01  4.152e-01  7.361e+03  4.724e+00 
  1.579e-01 -3.659e-01 -6.580e-05  2.730e-04  4.724e+00  4.935e-03 
 PARAMETER  CORRELATION COEFFICIENTS  
       NO.  GLOBAL      1      2      3      4      5      6
        1  0.94418   1.000 -0.403  0.574  0.472  0.860  0.624
        2  0.91049  -0.403  1.000  0.173 -0.331 -0.741 -0.663
        3  0.84049   0.574  0.173  1.000  0.130  0.341 -0.057
        4  0.55384   0.472 -0.331  0.130  1.000  0.407  0.326
        5  0.97290   0.860 -0.741  0.341  0.407  1.000  0.784
        6  0.87204   0.624 -0.663 -0.057  0.326  0.784  1.000
[#1] INFO:Fitting -- RooAbsPdf::fitTo(SignalModel_fit_B1_2017) Calculating sum-of-weights-squared correction matrix for covariance matrix
 **********
 **   23 **HESSE        3000
 **********
 COVARIANCE MATRIX CALCULATED SUCCESSFULLY
 FCN=-0.00795547 FROM HESSE     STATUS=OK             56 CALLS         247 TOTAL
                     EDM=2.05187e-07    STRATEGY= 1      ERROR MATRIX ACCURATE 
  EXT PARAMETER                                INTERNAL      INTERNAL  
  NO.   NAME      VALUE            ERROR       STEP SIZE       VALUE   
   1  cb_fraction_B1_2017   1.88212e-01   8.39373e-01   2.52107e-02  -6.73309e-01
   2  sig_alpha_B1_2017   1.16557e+00   2.07063e+01   1.36289e-03   5.83117e-02
   3  sig_gaus_sigma_B1_2017   1.81800e-02   5.29320e-02   1.98614e-03  -6.89821e-01
   4  sig_m0_B1_2017   1.77634e+00   6.55124e-02   1.39465e-03  -6.10847e-02
   5  sig_n_B1_2017   2.27188e+00   3.63097e+00   6.36052e-02  -9.13749e-02
   6  sig_sigma_B1_2017   1.26366e-02   3.57122e-02   1.21950e-02  -5.17300e-01
                               ERR DEF= 0.5
 EXTERNAL ERROR MATRIX.    NDIM=  25    NPAR=  6    ERR DEF=0.5
  7.189e+03  2.756e+03  3.004e+01  1.076e+01  8.737e+04  2.056e+01 
  2.756e+03  3.576e+04  4.704e+01 -8.206e+00 -1.175e+05 -1.103e+02 
  3.004e+01  4.704e+01  2.984e-01  1.915e-02  2.617e+02 -3.126e-01 
  1.076e+01 -8.206e+00  1.915e-02  1.334e-01  1.204e+02  4.113e-02 
  8.737e+04 -1.175e+05  2.617e+02  1.204e+02  2.267e+06  1.068e+03 
  2.056e+01 -1.103e+02 -3.126e-01  4.113e-02  1.068e+03  2.621e+00 
 PARAMETER  CORRELATION COEFFICIENTS  
       NO.  GLOBAL      1      2      3      4      5      6
        1  0.88730   1.000  0.172  0.648  0.347  0.684  0.150
        2  0.82737   0.172  1.000  0.455 -0.119 -0.413 -0.360
        3  0.84685   0.648  0.455  1.000  0.096  0.318 -0.353
        4  0.46217   0.347 -0.119  0.096  1.000  0.219  0.070
        5  0.90581   0.684 -0.413  0.318  0.219  1.000  0.438
        6  0.71521   0.150 -0.360 -0.353  0.070  0.438  1.000
[#1] INFO:Minization -- RooMinuit::optimizeConst: deactivating const optimization
[#1] INFO:Fitting -- RooAbsOptTestStatistic::ctor(nll_SignalModel_B1_2017_Sig_B1_2017) constructing test statistic for sub-range named signal
[#1] INFO:Eval -- RooRealVar::setRange(m3m) new range named 'fit_nll_SignalModel_B1_2017_Sig_B1_2017' created with bounds [1.7,1.85]
[#1] INFO:Fitting -- RooAbsOptTestStatistic::ctor(nll_SignalModel_B1_2017_Sig_B1_2017) fixing interpretation of coefficients of any RooAddPdf to full domain of observables 
[#1] INFO:Minization -- RooMinuit::optimizeConst: activating const optimization
[#1] INFO:Minization --  The following expressions will be evaluated in cache-and-track mode: (CB_final_B1_2017,GS_final_B1_2017)
 **********
 **   13 **MIGRAD        3000           1
 **********
 FIRST CALL TO USER FUNCTION AT NEW START POINT, WITH IFLAG=4.
 START MIGRAD MINIMIZATION.  STRATEGY  1.  CONVERGENCE WHEN EDM .LT. 1.00e-03
 FCN=-8.49525 FROM MIGRAD    STATUS=INITIATE       14 CALLS          15 TOTAL
                     EDM= unknown      STRATEGY= 1      NO ERROR MATRIX       
  EXT PARAMETER               CURRENT GUESS       STEP         FIRST   
  NO.   NAME      VALUE            ERROR          SIZE      DERIVATIVE 
   1  cb_fraction_B1_2017   1.88212e-01   9.66469e-01   1.56884e+00  -7.24697e-04
   2  m0_fixed_B1_2017   1.77634e+00   constant   
   3  sig_alpha_B1_2017   1.16557e+00   6.17606e+00   3.14546e-01   1.44367e-02
   4  sig_gaus_sigma_B1_2017   1.81800e-02   1.03763e-02   2.80657e-01   3.33800e-02
   5  sig_n_B1_2017   2.27188e+00   3.04404e+00   1.56884e+00  -3.52273e-04
   6  sigma_cb_fixed_B1_2017   1.26366e-02   constant   
                               ERR DEF= 0.5
 MIGRAD MINIMIZATION HAS CONVERGED.
 MIGRAD WILL VERIFY CONVERGENCE AND ERROR MATRIX.
 COVARIANCE MATRIX CALCULATED SUCCESSFULLY
 FCN=-8.49529 FROM MIGRAD    STATUS=CONVERGED      49 CALLS          50 TOTAL
                     EDM=7.90093e-05    STRATEGY= 1      ERROR MATRIX ACCURATE 
  EXT PARAMETER                                   STEP         FIRST   
  NO.   NAME      VALUE            ERROR          SIZE      DERIVATIVE 
   1  cb_fraction_B1_2017   1.90979e-01   5.31298e-01   6.28796e-03   5.08778e-04
   2  m0_fixed_B1_2017   1.77634e+00   constant   
   3  sig_alpha_B1_2017   1.15750e+00   5.68780e+00   3.37219e-04   2.95169e-02
   4  sig_gaus_sigma_B1_2017   1.81080e-02   1.45710e-02   4.76734e-04  -4.86926e-03
   5  sig_n_B1_2017   2.33079e+00   3.58627e+00   1.65019e-02  -3.83609e-05
   6  sigma_cb_fixed_B1_2017   1.26366e-02   constant   
                               ERR DEF= 0.5
 EXTERNAL ERROR MATRIX.    NDIM=  25    NPAR=  4    ERR DEF=0.5
  5.810e+00  5.098e-01  2.699e-02  8.913e+01 
  5.098e-01  3.327e+01  1.586e-02 -1.550e+02 
  2.699e-02  1.586e-02  2.233e-04  4.333e-01 
  8.913e+01 -1.550e+02  4.333e-01  2.668e+03 
 PARAMETER  CORRELATION COEFFICIENTS  
       NO.  GLOBAL      1      3      4      5
        1  0.87132   1.000  0.037  0.749  0.716
        3  0.83172   0.037  1.000  0.184 -0.520
        4  0.80687   0.749  0.184  1.000  0.561
        5  0.91708   0.716 -0.520  0.561  1.000
 **********
 **   18 **HESSE        3000
 **********
 FIRST CALL TO USER FUNCTION AT NEW START POINT, WITH IFLAG=4.
 COVARIANCE MATRIX CALCULATED SUCCESSFULLY
 FCN=-8.49529 FROM HESSE     STATUS=OK             23 CALLS          74 TOTAL
                     EDM=8.26754e-05    STRATEGY= 1      ERROR MATRIX ACCURATE 
  EXT PARAMETER                                INTERNAL      INTERNAL  
  NO.   NAME      VALUE            ERROR       STEP SIZE       VALUE   
   1  cb_fraction_B1_2017   1.90979e-01   5.20764e-01   1.25759e-03  -6.66249e-01
   2  m0_fixed_B1_2017   1.77634e+00   constant   
   3  sig_alpha_B1_2017   1.15750e+00   5.84264e+00   6.74437e-05   5.79072e-02
   4  sig_gaus_sigma_B1_2017   1.81080e-02   1.49035e-02   9.53467e-05  -6.91690e-01
   5  sig_n_B1_2017   2.33079e+00   2.86740e+00   6.60077e-04  -6.77378e-02
   6  sigma_cb_fixed_B1_2017   1.26366e-02   constant   
                               ERR DEF= 0.5
 EXTERNAL ERROR MATRIX.    NDIM=  25    NPAR=  4    ERR DEF=0.5
  6.316e+00 -2.874e-01  2.934e-02  1.028e+02 
 -2.874e-01  3.516e+01  1.216e-02 -1.801e+02 
  2.934e-02  1.216e-02  2.342e-04  4.964e-01 
  1.028e+02 -1.801e+02  4.964e-01  3.053e+03 
 PARAMETER  CORRELATION COEFFICIENTS  
       NO.  GLOBAL      1      3      4      5
        1  0.88233   1.000 -0.019  0.763  0.740
        3  0.84164  -0.019  1.000  0.134 -0.550
        4  0.81686   0.763  0.134  1.000  0.587
        5  0.92791   0.740 -0.550  0.587  1.000
[#1] INFO:Fitting -- RooAbsPdf::fitTo(SignalModel_B1_2017) Calculating sum-of-weights-squared correction matrix for covariance matrix
 **********
 **   23 **HESSE        3000
 **********
 FIRST CALL TO USER FUNCTION AT NEW START POINT, WITH IFLAG=4.
 COVARIANCE MATRIX CALCULATED SUCCESSFULLY
 FCN=-0.00795553 FROM HESSE     STATUS=OK             33 CALLS         108 TOTAL
                     EDM=8.31111e-08    STRATEGY= 1      ERROR MATRIX ACCURATE 
  EXT PARAMETER                                INTERNAL      INTERNAL  
  NO.   NAME      VALUE            ERROR       STEP SIZE       VALUE   
   1  cb_fraction_B1_2017   1.90979e-01   5.95332e-01   2.56549e-02  -6.66249e-01
   2  m0_fixed_B1_2017   1.77634e+00   constant   
   3  sig_alpha_B1_2017   1.15750e+00   2.58992e+01   1.37585e-03   5.79072e-02
   4  sig_gaus_sigma_B1_2017   1.81080e-02   5.85171e-02   1.94507e-03  -6.91690e-01
   5  sig_n_B1_2017   2.33079e+00   3.19198e+00   1.34656e-02  -6.77378e-02
   6  sigma_cb_fixed_B1_2017   1.26366e-02   constant   
                               ERR DEF= 0.5
 EXTERNAL ERROR MATRIX.    NDIM=  25    NPAR=  4    ERR DEF=0.5
  7.536e+03  9.934e+02  3.598e+01  1.137e+05 
  9.934e+02  3.173e+04  1.880e+01 -1.316e+05 
  3.598e+01  1.880e+01  2.764e-01  5.655e+02 
  1.137e+05 -1.316e+05  5.655e+02  2.913e+06 
 PARAMETER  CORRELATION COEFFICIENTS  
       NO.  GLOBAL      1      3      4      5
        1  0.89359   1.000  0.064  0.788  0.767
        3  0.80940   0.064  1.000  0.201 -0.433
        4  0.83551   0.788  0.201  1.000  0.630
